0 (1)		105.0	8.0
1 (1)		119.0	14.0
2 (1)		128.0	25.0
3 (1)		97.0	13.0
4 (0)		184.0	544.0
5 (1)		63.0	24.0
7 (0)		201.0	195.0
8 (0)		225.0	15.0
9 (0)		237.0	11.0
10 (1)		99.0	44.0
12 (0)		141.0	192.0
13 (0)		224.0	164.0
14 (1)		230.0	12.0
15 (0)		213.0	56.0
16 (0)		203.0	230.0
17 (0)		227.0	62.0
18 (0)		249.0	113.0
19 (0)		246.0	21.0
20 (0)		137.0	1360.0
21 (0)		150.0	19.0
22 (0)		241.0	34.0
23 (1)		228.0	18.0
24 (0)		205.0	8.0
25 (1)		251.0	17.0
26 (0)		233.0	54.0
27 (0)		205.0	55.0
28 (0)		212.0	154.0
29 (0)		193.0	77.0
30 (1)		208.0	13.0
31 (0)		158.0	58.0
32 (0)		nan	nan
33 (0)		251.0	12.0
34 (0)		179.0	211.0
35 (1)		276.0	25.0
36 (1)		270.0	15.0
37 (0)		205.0	7.0
38 (2)		378.0	22.0
39 (2)		378.0	11.0
40 (1)		221.0	53.0
41 (1)		126.0	42.0
42 (3)		288.0	27.0
43 (0)		174.0	231.0
44 (0)		177.0	206.0
45 (0)		275.0	8.0
46 (2)		175.0	12.0
47 (0)		223.0	12.0
48 (1)		358.0	34.0
49 (1)		253.0	36.0
50 (0)		218.0	6.0
51 (0)		220.0	53.0
52 (0)		214.0	8.0
53 (1)		191.0	12.0
54 (0)		232.0	23.0
55 (0)		232.0	57.0
56 (0)		211.0	155.0
57 (0)		235.0	101.0
58 (0)		224.0	6.0
59 (1)		167.0	16.0
60 (0)		240.0	99.0
61 (0)		196.0	9.0
62 (0)		237.0	7.0
63 (0)		247.0	6.0
64 (0)		181.0	4.0
65 (1)		148.0	10.0
66 (0)		224.0	6.0
67 (0)		182.0	5.0
68 (0)		218.0	7.0
69 (0)		223.0	9.0
70 (0)		236.0	8.0
71 (0)		269.0	10.0
72 (0)		272.0	11.0
73 (0)		197.0	7.0
75 (0)		217.0	7.0
76 (0)		204.0	6.0
77 (0)		174.0	47.0
78 (0)		197.0	6.0
79 (0)		183.0	7.0
80 (0)		203.0	27.0
81 (1)		167.0	18.0
82 (0)		269.0	18.0
84 (1)		123.0	13.0
85 (0)		0.0	0.0
86 (0)		0.0	0.0
87 (0)		154.0	11.0
88 (0)		0.0	0.0
89 (0)		0.0	0.0
90 (0)		0.0	0.0
91 (0)		0.0	0.0
92 (0)		0.0	0.0
