0 (0)		200.0	0.0
1 (1)		98.0	113.0
2 (1)		105.0	133.0
3 (0)		0.0	0.0
4 (0)		251.0	0.0
5 (1)		218.0	243.0
6 (0)		126.0	0.0
7 (1)		251.0	301.0
8 (2)		164.0	186.0
9 (1)		110.0	137.0
10 (0)		0.0	0.0
11 (1)		84.0	168.0
12 (0)		100.0	0.0
13 (1)		151.0	182.0
14 (1)		255.0	286.0
15 (0)		158.0	0.0
16 (1)		149.0	185.0
17 (0)		158.0	0.0
18 (0)		251.0	0.0
19 (1)		324.0	392.0
20 (3)		260.0	316.0
21 (0)		0.0	0.0
22 (1)		138.0	158.0
23 (0)		200.0	0.0
24 (1)		211.0	246.0
25 (0)		251.0	0.0
26 (0)		398.0	0.0
27 (1)		169.0	274.0
28 (1)		83.0	110.0
29 (0)		251.0	0.0
30 (0)		200.0	0.0
31 (0)		251.0	0.0
32 (0)		251.0	0.0
33 (0)		251.0	0.0
34 (1)		178.0	203.0
35 (0)		158.0	0.0
36 (0)		200.0	0.0
37 (0)		200.0	0.0
38 (0)		316.0	0.0
39 (1)		217.0	289.0
40 (0)		126.0	0.0
41 (2)		356.0	399.0
42 (0)		251.0	0.0
43 (0)		251.0	0.0
44 (0)		316.0	0.0
45 (0)		158.0	0.0
46 (0)		200.0	0.0
47 (0)		158.0	0.0
48 (0)		158.0	0.0
49 (1)		39.0	86.0
50 (0)		158.0	0.0
51 (0)		79.0	0.0
52 (1)		102.0	153.0
53 (0)		398.0	0.0
54 (0)		398.0	0.0
55 (0)		200.0	0.0
56 (0)		316.0	0.0
57 (0)		200.0	0.0
58 (1)		234.0	268.0
59 (0)		200.0	0.0
60 (0)		251.0	0.0
61 (0)		251.0	0.0
62 (0)		63.0	0.0
63 (0)		200.0	0.0
64 (0)		251.0	0.0
65 (0)		200.0	0.0
66 (0)		200.0	0.0
67 (0)		200.0	0.0
68 (0)		316.0	0.0
69 (0)		100.0	0.0
70 (0)		158.0	0.0
71 (0)		158.0	0.0
72 (0)		200.0	0.0
73 (0)		126.0	0.0
74 (0)		316.0	0.0
75 (0)		316.0	0.0
76 (1)		194.0	221.0
77 (0)		0.0	0.0
78 (0)		316.0	0.0
79 (0)		158.0	0.0
80 (0)		0.0	0.0
81 (2)		333.0	423.0
82 (0)		251.0	0.0
83 (0)		200.0	0.0
84 (0)		200.0	0.0
85 (1)		54.0	143.0
86 (0)		0.0	0.0
87 (0)		200.0	0.0
88 (0)		0.0	0.0
89 (0)		0.0	0.0
90 (0)		0.0	0.0
91 (0)		200.0	0.0
92 (0)		79.0	0.0
.
