
Clouds: 
i = 10, 90  	LMC-ish (-79,-31) and (-81,-33)
i = 15		anticenter ... ??? very low HI (-173,-32)
i = 21, 44	low HI (-51,-32) and (177,-38), respectively

fairly low CO:
11	(145.8 -39.3)
36	(102.3 -60.2)
37	(102.6 -28.9)
39	(156.6 -45.1)
49	( 37.9  44.5)
58	(103.8 -31.5)
72	( 66.8 -28.4)
79	(102.3 -56.3)
91	( 36.4 -57.3)


fairly low DG:
51	(-73.5 62.8)
78	(45.0 -36.4)
79	(102.3 -56.3)
91	(36.4 -57.3)


high HI:
18	(170.0 -42.0)
22	(171.5 -37.6)
28	( 11.6  36.3)
32	(173.6 -41.6)
47	(171.2 -35.9)
49	( 37.9  44.5)
52	(  9.9 -28.4)
60	(173.3 -40.0)
62	(169.1 -45.7)
64	(172.1 -40.2)
70	(172.8 -36.4)
74	( 71.8 -42.8)












