120.0 1.28472222222e-08 7.63888888889e-10
170.0 8.89273356401e-09 5.19031141869e-10
240.0 5.05208333333e-09 2.25694444444e-10
340.0 3.03633217993e-09 1.12456747405e-10
480.0 1.67100694444e-09 6.07638888889e-11
670.0 9.69035419915e-10 3.34150144798e-11
950.0 4.72022160665e-10 1.7728531856e-11
1350.0 2.48559670782e-10 9.32784636488e-12
1900.0 1.36011080332e-10 4.98614958449e-12
2690.0 7.46258343583e-11 2.76391979105e-12
3810.0 3.32733998801e-11 1.37778053334e-12
5380.0 1.71363027045e-11 7.94626939926e-13
7610.0 1.04468668896e-11 4.48956263026e-13
10760.0 5.2168986056e-12 2.41842981717e-13
15220.0 2.40882302662e-12 1.33823501479e-13
21530.0 1.19083343023e-12 7.55057428589e-14
30440.0 4.82412138396e-13 3.99312060865e-14
43050.0 2.61155423899e-13 2.26622475284e-14
60890.0 1.20023990773e-13 1.24069743271e-14
86110.0 4.70671875741e-14 6.47342407896e-15
121770.0 2.36715395441e-14 4.7208198521e-15
172220.0 6.97916033513e-15 1.88808202303e-15
243550.0 1.80387944505e-15 9.60945124934e-16
344430.0 1.03681952747e-15 5.31053904316e-16




