56.5685 3.96875e-08 3.12500e-09
72.4431 2.34375e-08 1.71494e-09
92.7901 1.74216e-08 1.04530e-09
118.6170 1.31485e-08 5.68586e-10
151.8157 1.06300e-08 3.47102e-10
194.5251 7.50529e-09 1.84989e-10
248.6363 5.56454e-09 1.13232e-10
318.0566 3.93436e-09 6.91973e-11
407.3819 2.57893e-09 4.21788e-11
521.0844 1.59099e-09 2.57799e-11
666.4128 9.88503e-10 1.57620e-11
853.0006 5.95099e-10 9.62054e-12
1091.6845 3.52416e-10 6.71268e-12
1397.3314 2.03838e-10 4.09724e-12
1788.8387 1.14064e-10 2.50004e-12
2289.5764 5.78006e-11 1.52609e-12
2929.7201 3.11071e-11 9.32047e-13
3749.3984 1.57917e-11 5.69071e-13
4798.9393 8.03306e-12 3.90798e-13
6141.2754 4.34837e-12 2.38630e-13
7859.1206 2.03996e-12 1.45712e-13
10058.3641 1.01808e-12 8.89586e-14
12872.9320 5.25006e-13 6.03455e-14
16474.9869 3.16846e-13 3.68426e-14
23852.9291 9.84248e-14 1.40607e-14
39068.5295 2.94821e-14 5.89642e-15
