56.5685 1.46875e-28 2.88111e-29
72.4431 1.25762e-28 2.13040e-29
92.7901 9.52381e-29 1.29853e-29
118.6170 7.74698e-29 9.26681e-30
151.8157 5.90073e-29 6.08976e-30
194.5251 4.51903e-29 3.97286e-30
248.6363 3.19023e-29 2.59321e-30
318.0566 2.19454e-29 1.58474e-30
407.3819 1.42805e-29 9.05838e-31
521.0844 9.02298e-30 4.80185e-31
666.4128 5.53922e-30 2.93588e-31
853.0006 3.28473e-30 1.92901e-31
1091.6845 1.92150e-30 1.18664e-31
1397.3314 1.08577e-30 7.24296e-32
1788.8387 6.15636e-31 4.41949e-32
2289.5764 3.24294e-31 2.50907e-32
2929.7201 1.65438e-31 1.53240e-32
3749.3984 8.53607e-32 8.65382e-33
4798.9393 4.42904e-32 4.85472e-33
6141.2754 2.20070e-32 2.70396e-33
7859.1206 1.08474e-32 1.49266e-33
10058.3641 5.43636e-33 7.19587e-34
12872.9320 2.71555e-33 3.81659e-34
16474.9869 1.32633e-33 1.98403e-34
23852.9291 5.44852e-34 6.33707e-35
39068.5295 1.31032e-34 1.85307e-35
