56.5685 0.00000e+00 3.12500e-08
72.4431 1.14329e-07 1.90549e-08
92.7901 2.90360e-07 2.32288e-08
118.6170 2.55864e-07 1.42146e-08
151.8157 2.12600e-07 8.67754e-09
194.5251 1.74419e-07 5.28541e-09
248.6363 1.21320e-07 3.23520e-09
318.0566 8.89680e-08 1.97707e-09
407.3819 5.78453e-08 1.20511e-09
521.0844 3.79333e-08 7.36570e-10
666.4128 2.31927e-08 4.50343e-10
853.0006 1.44308e-08 2.74873e-10
1091.6845 8.05521e-09 1.67817e-10
1397.3314 4.45575e-09 1.02431e-10
1788.8387 2.56254e-09 6.25011e-11
2289.5764 1.39256e-09 3.81522e-11
2929.7201 7.10686e-10 2.33012e-11
3749.3984 3.84123e-10 1.42268e-11
4798.9393 1.86714e-10 8.68439e-12
6141.2754 9.28006e-11 5.30289e-12
7859.1206 5.01896e-11 3.23804e-12
10058.3641 2.17454e-11 1.97686e-12
12872.9320 1.08622e-11 1.20691e-12
16474.9869 4.42111e-12 7.36851e-13
23852.9291 2.10910e-12 3.51517e-13
39068.5295 4.58610e-13 1.31032e-13
