0 (0)		212.0	14.0
1 (1)		98.0	8.0
2 (1)		105.0	14.0
3 (0)		Nothing
4 (0)		237.0	390.0
5 (1)		218.0	12.0
6 (0)		Nothing
7 (1)		251.0	25.0
8 (2)		164.0	12.0
9 (1)		110.0	13.0
10 (0)		Nothing
11 (1)		84.0	42.0
12 (0)		182.0	15.0
13 (1)		151.0	16.0
14 (1)		255.0	15.0
15 (0)		195.0	13.0
16 (1)		149.0	18.0
17 (0)		226.0	19.0
18 (0)		246.0	14.0
19 (1)		324.0	34.0
20 (3)		260.0	27.0
21 (0)		Nothing
22 (1)		138.0	10.0
23 (0)		202.0	173.0
24 (1)		211.0	18.0
25 (0)		230.0	26.0
26 (0)		231.0	17.0
27 (1)		169.0	53.0
28 (1)		83.0	13.0
29 (0)		229.0	16.0
30 (0)		210.0	20.0
31 (0)		187.0	17.0
32 (0)		219.0	20.0
33 (0)		179.0	491.0
34 (1)		178.0	12.0
35 (0)		219.0	15.0
36 (0)		107.0	3949.0
37 (0)		253.0	136.0
38 (0)		209.0	16.0
39 (1)		217.0	36.0
40 (0)		195.0	21.0
41 (2)		356.0	11.0
42 (0)		218.0	13.0
43 (0)		189.0	19.0
44 (0)		275.0	27.0
45 (0)		209.0	19.0
46 (0)		187.0	538.0
47 (0)		179.0	10.0
48 (0)		181.0	16.0
49 (1)		39.0	24.0
50 (0)		221.0	18.0
51 (0)		166.0	26.0
52 (1)		102.0	25.0
53 (0)		224.0	25.0
54 (0)		240.0	37.0
55 (0)		232.0	15.0
56 (0)		196.0	15.0
57 (0)		206.0	698.0
58 (1)		234.0	17.0
59 (0)		204.0	21.0
60 (0)		218.0	18.0
61 (0)		245.0	145.0
62 (0)		238.0	17.0
63 (0)		218.0	37.0
64 (0)		222.0	14.0
65 (0)		258.0	29.0
66 (0)		236.0	16.0
67 (0)		272.0	26.0
68 (0)		280.0	20.0
69 (0)		205.0	15.0
70 (0)		184.0	13.0
71 (0)		168.0	14.0
72 (0)		193.0	23.0
73 (0)		153.0	26.0
74 (0)		182.0	528.0
75 (0)		206.0	407.0
76 (1)		194.0	13.0
77 (0)		Nothing
78 (0)		344.0	49.0
79 (0)		142.0	35.0
80 (0)		158.0	81.0
81 (2)		333.0	22.0
82 (0)		208.0	17.0
83 (0)		268.0	33.0
84 (0)		247.0	18.0
85 (1)		54.0	44.0
86 (0)		Nothing
87 (0)		201.0	696.0
88 (0)		Nothing
89 (0)		nan	nan
90 (0)		Nothing
91 (0)		207.0	36.0
92 (0)		215.0	21.0
