0 (0)		218.0	6.0
1 (1)		105.0	8.0
2 (1)		119.0	14.0
3 (0)		0.0	0.0
4 (0)		235.0	101.0
5 (1)		230.0	12.0
6 (0)		Nothing
7 (1)		276.0	25.0
8 (2)		175.0	12.0
9 (1)		123.0	13.0
10 (0)		0.0	0.0
11 (1)		126.0	42.0
12 (0)		Nothing
13 (1)		167.0	16.0
14 (1)		270.0	15.0
15 (0)		205.0	29.0
16 (1)		167.0	18.0
17 (0)		227.0	7.0
18 (0)		248.0	6.0
19 (1)		358.0	34.0
20 (3)		288.0	27.0
21 (0)		0.0	0.0
22 (1)		148.0	10.0
23 (0)		205.0	55.0
24 (1)		228.0	18.0
25 (0)		233.0	54.0
26 (0)		217.0	7.0
27 (1)		221.0	53.0
28 (1)		97.0	13.0
29 (0)		220.0	53.0
30 (0)		205.0	8.0
31 (0)		183.0	7.0
32 (0)		223.0	9.0
33 (0)		179.0	211.0
34 (1)		191.0	12.0
35 (0)		Nothing
36 (0)		137.0	1360.0
37 (0)		241.0	34.0
38 (0)		213.0	56.0
39 (1)		253.0	36.0
40 (0)		196.0	9.0
41 (2)		378.0	11.0
42 (0)		227.0	62.0
43 (0)		193.0	77.0
44 (0)		272.0	11.0
45 (0)		214.0	8.0
46 (0)		177.0	206.0
47 (0)		181.0	4.0
48 (0)		174.0	231.0
49 (1)		63.0	24.0
50 (0)		236.0	8.0
51 (0)		154.0	11.0
52 (1)		128.0	25.0
53 (0)		223.0	12.0
54 (0)		269.0	18.0
55 (0)		232.0	57.0
56 (0)		197.0	6.0
57 (0)		224.0	164.0
58 (1)		251.0	17.0
59 (0)		201.0	195.0
60 (0)		218.0	7.0
61 (0)		240.0	99.0
62 (0)		237.0	7.0
63 (0)		225.0	15.0
64 (0)		224.0	6.0
65 (0)		251.0	12.0
66 (0)		232.0	23.0
67 (0)		269.0	10.0
68 (0)		275.0	8.0
69 (0)		204.0	6.0
70 (0)		182.0	5.0
71 (0)		197.0	7.0
72 (0)		237.0	11.0
73 (0)		141.0	192.0
74 (0)		Nothing
75 (0)		211.0	155.0
76 (1)		208.0	13.0
77 (0)		0.0	0.0
78 (0)		Nothing
79 (0)		150.0	19.0
80 (0)		158.0	58.0
81 (2)		378.0	22.0
82 (0)		205.0	7.0
83 (0)		249.0	113.0
84 (0)		246.0	21.0
85 (1)		99.0	44.0
86 (0)		0.0	0.0
87 (0)		212.0	154.0
88 (0)		0.0	0.0
89 (0)		nan	nan
90 (0)		0.0	0.0
91 (0)		184.0	544.0
92 (0)		203.0	230.0
